Games
{"1": [[["philo", 0], ["sus", 0], ["ise", 0], ["privacy", 0], ["Nanspyro", 0]], {"philo": [0, 315, 640, 760], "sus": [0, 0, 115, 440], "ise": [0], "privacy": [0], "Nanspyro": [0, 80, 210, 360]}], "2": [[["philo", 760], ["sus", 440], ["Nanspyro", 360]], {"philo": [760, 1035, 1165, 1295], "sus": [440, 635, 710, 895], "Nanspyro": [360, 480, 650, 975]}], "3": [[["philo", 1295], ["sus", 895], ["Nanspyro", 975]], {"philo": [1295, 1530, 1855, 1985], "sus": [895, 1065, 1180, 1505], "Nanspyro": [975, 1075, 1205, 1405]}], "4": [[["philo", 1985], ["sus", 1505], ["Nanspyro", 1405]], {"philo": [1985, 2150, 2475, 2605], "sus": [1505, 1830, 1955, 2280], "Nanspyro": [1405, 1530, 1710, 1900]}], "5": [[["philo", 2605], ["sus", 2280], ["Nanspyro", 1900]], {"philo": [2605, 2930, 3255, 3375], "sus": [2280, 2480, 2605, 2780], "Nanspyro": [1900, 2030, 2195, 2500], "abcd": [0, 0, 0]}]}


AccuracyDict - 1
{"philo": [0, 315, 640, 760, 760, 1035, 1165, 1295, 1295, 1530, 1855, 1985, 1985, 2150, 2475, 2605, 2605, 2930, 3255, 3375], "sus": [0, 0, 115, 440, 440, 635, 710, 895, 895, 1065, 1180, 1505, 1505, 1830, 1955, 2280, 2280, 2480, 2605, 2780], "ise": [0], "privacy": [0], "Nanspyro": [0, 80, 210, 360, 360, 480, 650, 975, 975, 1075, 1205, 1405, 1405, 1530, 1710, 1900, 1900, 2030, 2195, 2500], "abcd": [0, 0, 0, 0, 0, 0, 0, 0, 0, 0, 0, 0, 0, 0, 0, 0, 0, 0, 0, 0]}

{"philo": [0, 315, 640, 760, 760, 1035, 1165, 1295, 1295, 1530, 1855, 1985, 1985, 2150, 2475, 2605, 2605, 2930, 3255, 3375], 
"sus": [0, 0, 115, 440, 440, 635, 710, 895, 895, 1065, 1180, 1505, 1505, 1830, 1955, 2280, 2280, 2480, 2605, 2780],
"ise": [0],
 "privacy": [0],
  "Nanspyro": [0, 80, 210, 360, 360, 480, 650, 975, 975, 1075, 1205, 1405, 1405, 1530, 1710, 1900, 1900, 2030, 2195, 2500],
   "abcd": [0, 0, 0, 0, 0, 0, 0, 0, 0, 0, 0, 0, 0, 0, 0, 0, 0, 0, 0, 0]}
AccuracyDict - 2
{'Shounak': [[315, 640, 760, 760, 1035, 1165, 1295, 1295, 1530, 1855, 1985, 1985, 2150, 2475, 2605, 2605, 2930, 3255, 3375], [315, 325, 120, 0, 275, 130, 130, 0, 235, 325, 130, 0, 165, 325, 130, 0, 325, 325, 120], 3375, 0], 'Mick': [[0, 115, 440, 440, 635, 710, 895, 895, 1065, 1180, 1505, 1505, 1830, 1955, 2280, 2280, 2480, 2605, 2780], [0, 115, 325, 0, 195, 75, 185, 0, 170, 115, 325, 0, 325, 125, 325, 0, 200, 125, 175], 2780, 0], 'Bucky': [[0, 0, 0, 0, 0, 0, 0, 0, 0, 0, 0, 0, 0, 0, 0, 0, 0, 0, 0], [0, 0, 0, 0, 0, 0, 0, 0, 0, 0, 0, 0, 0, 0, 0, 0, 0, 0, 0], 0, 0], 'Steve': [[0, 0, 0, 0, 0, 0, 0, 0, 0, 0, 0, 0, 0, 0, 0, 0, 0, 0, 0], [0, 0, 0, 0, 0, 0, 0, 0, 0, 0, 0, 0, 0, 0, 0, 0, 0, 0, 0], 0, 0], 'Sam': [[80, 210, 360, 360, 480, 650, 975, 975, 1075, 1205, 1405, 1405, 1530, 1710, 1900, 1900, 2030, 2195, 2500], [80, 130, 150, 0, 120, 170, 325, 0, 100, 130, 200, 0, 125, 180, 190, 0, 130, 165, 305], 2500, 0], 'Loki': [[0, 0, 0, 0, 0, 150, 150, 150, 150, 150, 150, 150, 150, 150, 150, 150, 150, 150, 150], [0, 0, 0, 0, 0, 150, 0, 0, 0, 0, 0, 0, 0, 0, 0, 0, 0, 0, 0], 150, 0]}